 895.000 	 -0.612555 
 896.000 	 -0.607629 
 897.000 	 -0.602704 
 898.000 	 -0.597779 
 899.000 	 -0.592853 
 900.000 	 -0.587928 
 901.000 	 -0.583003 
 902.000 	 -0.578077 
 903.000 	 -0.573152 
 904.000 	 -0.568227 
 905.000 	 -0.563302 
 906.000 	 -0.558376 
 907.000 	 -0.553451 
 908.000 	 -0.548526 
 909.000 	 -0.543600 
 910.000 	 -0.538675 
 911.000 	 -0.534168 
 912.000 	 -0.531354 
 913.000 	 -0.528541 
 914.000 	 -0.525727 
 915.000 	 -0.522914 
 916.000 	 -0.520100 
 917.000 	 -0.517287 
 918.000 	 -0.514473 
 919.000 	 -0.511660 
 920.000 	 -0.508846 
 921.000 	 -0.506033 
 922.000 	 -0.503220 
 923.000 	 -0.500406 
 924.000 	 -0.497593 
 925.000 	 -0.494779 
 926.000 	 -0.491966 
 927.000 	 -0.489152 
 928.000 	 -0.486339 
 929.000 	 -0.483525 
 930.000 	 -0.479070 
 931.000 	 -0.473490 
 932.000 	 -0.467910 
 933.000 	 -0.462329 
 934.000 	 -0.456749 
 935.000 	 -0.451169 
 936.000 	 -0.445589 
 937.000 	 -0.440009 
 938.000 	 -0.434429 
 939.000 	 -0.428849 
 940.000 	 -0.423269 
 941.000 	 -0.417689 
 942.000 	 -0.412109 
 943.000 	 -0.406529 
 944.000 	 -0.400949 
 945.000 	 -0.395369 
 946.000 	 -0.389789 
 947.000 	 -0.384209 
 948.000 	 -0.378645 
 949.000 	 -0.373757 
 950.000 	 -0.368870 
 951.000 	 -0.363982 
 952.000 	 -0.359095 
 953.000 	 -0.354207 
 954.000 	 -0.349320 
 955.000 	 -0.344433 
 956.000 	 -0.339545 
 957.000 	 -0.334658 
 958.000 	 -0.329770 
 959.000 	 -0.324883 
 960.000 	 -0.319995 
 961.000 	 -0.315108 
 962.000 	 -0.310220 
 963.000 	 -0.305333 
 964.000 	 -0.300445 
 965.000 	 -0.295558 
 966.000 	 -0.290671 
 967.000 	 -0.285783 
 968.000 	 -0.280896 
 969.000 	 -0.276008 
 970.000 	 -0.273670 
 971.000 	 -0.272006 
 972.000 	 -0.270343 
 973.000 	 -0.268679 
 974.000 	 -0.267015 
 975.000 	 -0.265352 
 976.000 	 -0.263688 
 977.000 	 -0.262024 
 978.000 	 -0.260361 
 979.000 	 -0.258697 
 980.000 	 -0.257033 
 981.000 	 -0.255369 
 982.000 	 -0.253706 
 983.000 	 -0.252042 
 984.000 	 -0.250378 
 985.000 	 -0.248715 
 986.000 	 -0.242349 
 987.000 	 -0.235034 
 988.000 	 -0.227720 
 989.000 	 -0.220406 
 990.000 	 -0.213091 
 991.000 	 -0.205777 
 992.000 	 -0.198462 
 993.000 	 -0.191148 
 994.000 	 -0.183834 
 995.000 	 -0.176519 
 996.000 	 -0.170334 
 997.000 	 -0.167865 
 998.000 	 -0.165397 
 999.000 	 -0.162929 
1000.000 	-0.111377
1001.000 	-0.106578
1002.000 	-0.101779
1003.000 	-0.096979
1004.000 	-0.09218
1005.000 	-0.08738
1006.000 	-0.082558
1007.000 	-0.076827
1008.000 	-0.071095
1009.000 	-0.065363
1010.000 	-0.059632
1011.000 	-0.053899
1012.000 	-0.048168
1013.000 	-0.042437
1014.000 	-0.036704
1015.000 	-0.030973
1016.000 	-0.026457
1017.000 	-0.02199
1018.000 	-0.012373
1019.000 	-0.002574
1020.000 	0.007225
1021.000 	0.017023
1022.000 	0.026822
1023.000 	0.036621
1024.000 	0.046419
1025.000 	0.056218
1026.000 	0.064568
1027.000 	0.070621
1028.000 	0.076673
1029.000 	0.082725
1030.000 	0.088778
1031.000 	0.092031
1032.000 	0.094201
1033.000 	0.096371
1034.000 	0.098542
1035.000 	0.100713
1036.000 	0.102884
1037.000 	0.105054
1038.000 	0.10672
1039.000 	0.107221
1040.000 	0.107721
1041.000 	0.10822
1042.000 	0.10872
1043.000 	0.109221
1044.000 	0.112299
1045.000 	0.11863
1046.000 	0.12496
1047.000 	0.13129
1048.000 	0.137621
1049.000 	0.143951
1050.000 	0.150281
1051.000 	0.156611
1052.000 	0.163098
1053.000 	0.169651
1054.000 	0.176204
1055.000 	0.182756
1056.000 	0.189308
1057.000 	0.195861
1058.000 	0.202413
1059.000 	0.208965
1060.000 	0.215517
1061.000 	0.222069
1062.000 	0.228675
1063.000 	0.235627
1064.000 	0.242579
1065.000 	0.249531
1066.000 	0.256483
1067.000 	0.263435
1068.000 	0.270387
1069.000 	0.277339
1070.000 	0.28429
1071.000 	0.291372
1072.000 	0.300188
1073.000 	0.309006
1074.000 	0.317823
1075.000 	0.326639
1076.000 	0.337762
1077.000 	0.350868
1078.000 	0.363973
1079.000 	0.377079
1080.000 	0.390185
1081.000 	0.40329
1082.000 	0.416396
1083.000 	0.429503
1084.000 	0.44619
1085.000 	0.462932
1086.000 	0.479674
1087.000 	0.496415
1088.000 	0.513157
1089.000 	0.529899
1090.000 	0.546641
1091.000 	0.563383
1092.000 	0.580125
1093.000 	0.597298
1094.000 	0.614506
1095.000 	0.631714
1096.000 	0.648922
1097.000 	0.66613
1098.000 	0.683339
1099.000 	0.700547
1100.000 	0.717755
1101.000 	0.734963
1102.000 	0.750546
1103.000 	0.769385
1104.000 	0.788223
1105.000 	0.807061
1106.000 	0.825898
1107.000 	0.844736
1108.000 	0.848447
1109.000 	0.850536
1110.000 	0.852627
1111.000 	0.854717
1112.000 	0.856014
1113.000 	0.855306
1114.000 	0.8546
1115.000 	0.853892
1116.000 	0.853186
1117.000 	0.852479
1118.000 	0.851772
1119.000 	0.851065
1120.000 	0.850359
1121.000 	0.848623
1122.000 	0.843254
1123.000 	0.837885
1124.000 	0.832516
1125.000 	0.827148
1126.000 	0.821778
1127.000 	0.81641
1128.000 	0.811041
1129.000 	0.805672
1130.000 	0.800926
1131.000 	0.79952
1132.000 	0.798113
1133.000 	0.796707
1134.000 	0.795301
1135.000 	0.793894
1136.000 	0.793051
1137.000 	0.796539
1138.000 	0.800028
1139.000 	0.803328
1140.000 	0.805203
1141.000 	0.807079
1142.000 	0.809191
1143.000 	0.814329
1144.000 	0.819468
1145.000 	0.824607
1146.000 	0.829745
1147.000 	0.836144
1148.000 	0.843614
1149.000 	0.851084
1150.000 	0.858553
1151.000 	0.866023
1152.000 	0.873493
1153.000 	0.880962
1154.000 	0.888432
1155.000 	0.895337
1156.000 	0.899457
1157.000 	0.90343
1158.000 	0.907403
1159.000 	0.911376
1160.000 	0.915349
1161.000 	0.919322
1162.000 	0.923295
1163.000 	0.927268
1164.000 	0.929345
1165.000 	0.931266
1166.000 	0.933188
1167.000 	0.93511
1168.000 	0.935932
1169.000 	0.935057
1170.000 	0.934181
1171.000 	0.933306
1172.000 	0.932431
1173.000 	0.930913
1174.000 	0.929292
1175.000 	0.92767
1176.000 	0.926049
1177.000 	0.924428
1178.000 	0.922806
1179.000 	0.921185
1180.000 	0.919506
1181.000 	0.917699
1182.000 	0.915891
1183.000 	0.914083
1184.000 	0.912275
1185.000 	0.911915
1186.000 	0.911972
1187.000 	0.912029
1188.000 	0.912086
1189.000 	0.912372
1190.000 	0.913361
1191.000 	0.91435
1192.000 	0.91534
1193.000 	0.916329
1194.000 	0.917651
1195.000 	0.919106
1196.000 	0.920562
1197.000 	0.922018
1198.000 	0.92237
1199.000 	0.921902
1200.000 	0.921434
1201.000 	0.920966
1202.000 	0.920499
1203.000 	0.92003
1204.000 	0.919562
1205.000 	0.919094
1206.000 	0.918626
1207.000 	0.918159
1208.000 	0.91769
1209.000 	0.915694
1210.000 	0.912708
1211.000 	0.909723
1212.000 	0.906737
1213.000 	0.903752
1214.000 	0.900767
1215.000 	0.897781
1216.000 	0.894629
1217.000 	0.888566
1218.000 	0.882504
1219.000 	0.876441
1220.000 	0.870379
1221.000 	0.864317
1222.000 	0.85828
1223.000 	0.854315
1224.000 	0.850351
1225.000 	0.846387
1226.000 	0.842422
1227.000 	0.838458
1228.000 	0.834493
1229.000 	0.836051
1230.000 	0.837781
1231.000 	0.839511
1232.000 	0.84124
1233.000 	0.84297
1234.000 	0.8447
1235.000 	0.84643
1236.000 	0.84816
1237.000 	0.849889
1238.000 	0.85134
1239.000 	0.854302
1240.000 	0.859881
1241.000 	0.86546
1242.000 	0.871038
1243.000 	0.876617
1244.000 	0.882196
1245.000 	0.887774
1246.000 	0.893353
1247.000 	0.898932
1248.000 	0.905595
1249.000 	0.914437
1250.000 	0.915618
1251.000 	0.915135
1252.000 	0.914653
1253.000 	0.914172
1254.000 	0.912338
1255.000 	0.907193
1256.000 	0.90205
1257.000 	0.896906
1258.000 	0.891762
1259.000 	0.881549
1260.000 	0.868912
1261.000 	0.856275
1262.000 	0.84364
1263.000 	0.831003
1264.000 	0.818367
1265.000 	0.799221
1266.000 	0.777493
1267.000 	0.755767
1268.000 	0.735659
1269.000 	0.716263
1270.000 	0.696866
1271.000 	0.677469
1272.000 	0.65815
1273.000 	0.639219
1274.000 	0.620289
1275.000 	0.602948
1276.000 	0.595206
1277.000 	0.587465
1278.000 	0.579724
1279.000 	0.571982
1280.000 	0.564241
1281.000 	0.55479
1282.000 	0.552184
1283.000 	0.549579
1284.000 	0.546972
1285.000 	0.544366
1286.000 	0.543455
1287.000 	0.543832
1288.000 	0.54421
1289.000 	0.544588
1290.000 	0.544965
1291.000 	0.545342
1292.000 	0.545719
1293.000 	0.546334
1294.000 	0.562376
1295.000 	0.578417
1296.000 	0.59446
1297.000 	0.593895
1298.000 	0.592774
1299.000 	0.591655
1300.000 	0.590534
1301.000 	0.589414
1302.000 	0.588295
1303.000 	0.587174
1304.000 	0.587287
1305.000 	0.588965
1306.000 	0.590642
1307.000 	0.58804
1308.000 	0.575642
1309.000 	0.563245
1310.000 	0.550847
1311.000 	0.538449
1312.000 	0.526053
1313.000 	0.511391
1314.000 	0.493
1315.000 	0.474609
1316.000 	0.456217
1317.000 	0.437826
1318.000 	0.419434
1319.000 	0.401044
1320.000 	0.382652
1321.000 	0.358491
1322.000 	0.331656
1323.000 	0.30482
1324.000 	0.277183
1325.000 	0.249349
1326.000 	0.225367
1327.000 	0.211659
1328.000 	0.197953
1329.000 	0.184245
1330.000 	0.170537
1331.000 	0.15683
1332.000 	0.143123
1333.000 	0.128725
1334.000 	0.114086
1335.000 	0.099445
1336.000 	0.084805
1337.000 	0.070166
1338.000 	0.055526
1339.000 	0.040886
1340.000 	0.026246
1341.000 	0.011606
1342.000 	-0.002876
1343.000 	-0.017282
1344.000 	-0.031689
1345.000 	-0.046096
1346.000 	-0.060502
1347.000 	-0.074909
1348.000 	-0.087394
1349.000 	-0.09877
1350.000 	-0.110147
1351.000 	-0.121523
1352.000 	-0.132564
1353.000 	-0.140677
1354.000 	-0.148791
1355.000 	-0.156904
1356.000 	-0.165017
1357.000 	-0.17313
1358.000 	-0.181074
1359.000 	-0.18639
1360.000 	-0.191706
1361.000 	-0.197022
1362.000 	-0.202337
1363.000 	-0.207653
1364.000 	-0.212944
1365.000 	-0.216861
1366.000 	-0.220779
1367.000 	-0.224696
1368.000 	-0.228613
1369.000 	-0.234798
1370.000 	-0.243378
1371.000 	-0.251956
1372.000 	-0.260536
1373.000 	-0.269116
1374.000 	-0.28259
1375.000 	-0.296298
1376.000 	-0.310005
1377.000 	-0.327194
1378.000 	-0.344631
1379.000 	-0.362069
1380.000 	-0.379505
1381.000 	-0.396942
1382.000 	-0.41438
1383.000 	-0.434977
1384.000 	-0.455576
1385.000 	-0.476176
1386.000 	-0.507727
1387.000 	-0.540914
1388.000 	-0.574102
1389.000 	-0.607288
1390.000 	-0.63874
1391.000 	-0.665607
1392.000 	-0.692402
1393.000 	-0.719197
1394.000 	-0.745993
1395.000 	-0.772788
1396.000 	-0.796133
1397.000 	-0.811273
1398.000 	-0.826413
1399.000 	-0.841554
1400.000 	-0.856694
1401.000 	-0.866846
1402.000 	-0.875459
1403.000 	-0.884073
1404.000 	-0.892687
1405.000 	-0.90052
1406.000 	-0.905777
1407.000 	-0.911033
1408.000 	-0.91629
1409.000 	-0.921547
1410.000 	-0.926805
1411.000 	-0.932062
1412.000 	-0.937318
1413.000 	-0.938012
1414.000 	-0.936556
1415.000 	-0.9351
1416.000 	-0.933644
1417.000 	-0.932241
1418.000 	-0.931258
1419.000 	-0.930276
1420.000 	-0.929595
1421.000 	-0.930991
1422.000 	-0.932386
1423.000 	-0.933782
1424.000 	-0.935176
1425.000 	-0.936572
1426.000 	-0.938737
1427.000 	-0.949223
1428.000 	-0.95792
1429.000 	-0.963801
1430.000 	-0.971864
1431.000 	-0.979928
1432.000 	-0.987991
1433.000 	-0.996054
1434.000 	-1.004118
1435.000 	-1.012181
1436.000 	-1.020245
1437.000 	-1.028308
1438.000 	-1.036371
1439.000 	-1.046041
1440.000 	-1.056484
1441.000 	-1.066928
1442.000 	-1.077373
1443.000 	-1.085633
1444.000 	-1.089158
1445.000 	-1.087774
1446.000 	-1.086391
1447.000 	-1.085009
1448.000 	-1.083625
1449.000 	-1.082243
1450.000 	-1.08086
1451.000 	-1.079477
1452.000 	-1.078471
1453.000 	-1.078021
1454.000 	-1.07757
1455.000 	-1.072435
1456.000 	-1.06475
1457.000 	-1.057066
1458.000 	-1.04938
1459.000 	-1.041696
1460.000 	-1.031255
1461.000 	-1.01736
1462.000 	-1.00715
1463.000 	-0.996939
1464.000 	-0.986728
1465.000 	-0.976518
1466.000 	-0.966308
1467.000 	-0.956097
1468.000 	-0.947255
1469.000 	-0.940303
1470.000 	-0.933351
1471.000 	-0.926399
1472.000 	-0.92006
1473.000 	-0.913907
1474.000 	-0.907755
1475.000 	-0.901602
1476.000 	-0.892293
1477.000 	-0.87961
1478.000 	-0.866925
1479.000 	-0.854242
1480.000 	-0.841558
1481.000 	-0.828874
1482.000 	-0.814863
1483.000 	-0.79532
1484.000 	-0.777677
1485.000 	-0.761405
1486.000 	-0.745135
1487.000 	-0.728863
1488.000 	-0.712592
1489.000 	-0.696322
1490.000 	-0.68005
1491.000 	-0.663204
1492.000 	-0.638167
1493.000 	-0.610908
1494.000 	-0.584285
1495.000 	-0.576537
1496.000 	-0.568787
1497.000 	-0.561467
1498.000 	-0.558613
1499.000 	-0.555759
1500.000 	-0.552904
1501.000 	-0.55005
1502.000 	-0.547196
1503.000 	-0.544627
1504.000 	-0.548067
1505.000 	-0.551506
1506.000 	-0.554945
1507.000 	-0.558385
1508.000 	-0.561824
1509.000 	-0.565283
1510.000 	-0.57556
1511.000 	-0.594862
1512.000 	-0.614164
1513.000 	-0.633466
1514.000 	-0.652768
1515.000 	-0.67207
1516.000 	-0.696169
1517.000 	-0.723054
1518.000 	-0.749939
1519.000 	-0.776823
1520.000 	-0.803708
1521.000 	-0.832487
1522.000 	-0.865603
1523.000 	-0.898721
1524.000 	-0.931837
1525.000 	-0.959516
1526.000 	-0.986572
1527.000 	-1.013628
1528.000 	-1.040685
1529.000 	-1.063766
1530.000 	-1.072939
1531.000 	-1.082112
1532.000 	-1.091286
1533.000 	-1.100458
1534.000 	-1.109631
1535.000 	-1.118804
1536.000 	-1.127978
1537.000 	-1.133286
1538.000 	-1.137704
1539.000 	-1.142122
1540.000 	-1.14654
1541.000 	-1.150958
1542.000 	-1.155376
1543.000 	-1.164465
1544.000 	-1.174951
1545.000 	-1.185437
1546.000 	-1.195924
1547.000 	-1.20641
1548.000 	-1.216897
1549.000 	-1.227382
1550.000 	-1.237868
1551.000 	-1.248355
1552.000 	-1.260324
1553.000 	-1.273109
1554.000 	-1.292767
1555.000 	-1.312425
1556.000 	-1.332084
1557.000 	-1.351743
1558.000 	-1.371401
1559.000 	-1.391059
1560.000 	-1.410718
1561.000 	-1.430376
1562.000 	-1.445618
1563.000 	-1.460568
1564.000 	-1.473922
1565.000 	-1.486307
1566.000 	-1.498694
1567.000 	-1.504844
1568.000 	-1.506125
1569.000 	-1.507406
1570.000 	-1.508687
1571.000 	-1.509969
1572.000 	-1.51125
1573.000 	-1.512185
1574.000 	-1.512844
1575.000 	-1.511721
1576.000 	-1.509177
1577.000 	-1.506634
1578.000 	-1.504091
1579.000 	-1.501547
1580.000 	-1.499004
1581.000 	-1.496461
1582.000 	-1.493917
1583.000 	-1.491374
1584.000 	-1.48883
1585.000 	-1.486287
1586.000 	-1.483744
1587.000 	-1.48764
1588.000 	-1.491779
1589.000 	-1.495918
1590.000 	-1.500935
1591.000 	-1.506007
1592.000 	-1.511078
1593.000 	-1.516149
1594.000 	-1.52122
1595.000 	-1.526291
1596.000 	-1.531362
1597.000 	-1.536434
1598.000 	-1.541505
1599.000 	-1.546064
1600.000 	-1.550553
1601.000 	-1.555041
1602.000 	-1.55953
1603.000 	-1.564018
1604.000 	-1.568507
1605.000 	-1.572995
1606.000 	-1.577483
1607.000 	-1.581972
1608.000 	-1.58646
1609.000 	-1.590949
1610.000 	-1.600862
1611.000 	-1.608977
1612.000 	-1.61654
1613.000 	-1.624103
1614.000 	-1.631667
1615.000 	-1.638636
1616.000 	-1.643935
1617.000 	-1.649234
1618.000 	-1.654534
1619.000 	-1.659833
1620.000 	-1.665133
1621.000 	-1.670431
1622.000 	-1.67573
1623.000 	-1.681858
1624.000 	-1.688589
1625.000 	-1.695321
1626.000 	-1.701899
1627.000 	-1.708409
1628.000 	-1.714918
1629.000 	-1.721427
1630.000 	-1.727937
1631.000 	-1.734446
1632.000 	-1.740956
1633.000 	-1.747465
1634.000 	-1.74978
1635.000 	-1.751506
1636.000 	-1.753231
1637.000 	-1.754956
1638.000 	-1.756681
1639.000 	-1.758307
1640.000 	-1.758975
1641.000 	-1.759644
1642.000 	-1.760313
1643.000 	-1.76098
1644.000 	-1.761147
1645.000 	-1.759412
1646.000 	-1.757676
1647.000 	-1.754126
1648.000 	-1.749034
1649.000 	-1.743942
1650.000 	-1.73885
1651.000 	-1.733758
1652.000 	-1.728666
1653.000 	-1.723574
1654.000 	-1.718482
1655.000 	-1.713943
1656.000 	-1.709411
1657.000 	-1.704878
1658.000 	-1.700346
1659.000 	-1.695813
1660.000 	-1.691281
1661.000 	-1.686748
1662.000 	-1.682946
1663.000 	-1.676413
1664.000 	-1.66711
1665.000 	-1.657809
1666.000 	-1.648507
1667.000 	-1.642996
1668.000 	-1.63789
1669.000 	-1.632784
1670.000 	-1.627678
1671.000 	-1.611455
1672.000 	-1.58833
1673.000 	-1.565204
1674.000 	-1.542079
1675.000 	-1.518954
1676.000 	-1.496991
1677.000 	-1.477984
1678.000 	-1.458976
1679.000 	-1.439969
1680.000 	-1.420961
1681.000 	-1.401954
1682.000 	-1.382946
1683.000 	-1.363243
1684.000 	-1.340188
1685.000 	-1.315455
1686.000 	-1.290722
1687.000 	-1.265989
1688.000 	-1.239143
1689.000 	-1.211613
1690.000 	-1.184083
1691.000 	-1.156553
1692.000 	-1.121752
1693.000 	-1.082554
1694.000 	-1.043357
1695.000 	-1.004159
1696.000 	-0.964962
1697.000 	-0.926502
1698.000 	-0.88837
1699.000 	-0.850238
1700.000 	-0.812106
1701.000 	-0.773974
1702.000 	-0.739011
1703.000 	-0.715847
1704.000 	-0.692683
1705.000 	-0.66952
1706.000 	-0.646356
1707.000 	-0.623699
1708.000 	-0.618845
1709.000 	-0.614658
1710.000 	-0.610469
1711.000 	-0.606281
1712.000 	-0.602092
1713.000 	-0.598317
1714.000 	-0.599583
1715.000 	-0.600849
1716.000 	-0.602116
1717.000 	-0.603382
1718.000 	-0.608446
1719.000 	-0.620936
1720.000 	-0.633424
1721.000 	-0.644647
1722.000 	-0.654713
1723.000 	-0.664777
1724.000 	-0.674843
1725.000 	-0.684908
1726.000 	-0.693964
1727.000 	-0.700841
1728.000 	-0.707716
1729.000 	-0.714592
1730.000 	-0.720525
1731.000 	-0.72535
1732.000 	-0.730175
1733.000 	-0.734999
1734.000 	-0.742397
1735.000 	-0.755486
1736.000 	-0.768575
1737.000 	-0.781664
1738.000 	-0.794754
1739.000 	-0.807842
1740.000 	-0.820931
1741.000 	-0.834021
1742.000 	-0.84711
1743.000 	-0.860199
1744.000 	-0.873288
1745.000 	-0.886772
1746.000 	-0.900981
1747.000 	-0.915189
1748.000 	-0.923423
1749.000 	-0.930962
1750.000 	-0.938502
1751.000 	-0.946043
1752.000 	-0.953582
1753.000 	-0.959796
1754.000 	-0.964939
1755.000 	-0.970083
1756.000 	-0.975227
1757.000 	-0.980822
1758.000 	-0.987644
1759.000 	-0.994467
1760.000 	-1.001288
1761.000 	-1.008111
1762.000 	-1.014933
1763.000 	-1.021755
1764.000 	-1.026447
1765.000 	-1.028162
1766.000 	-1.028804
1767.000 	-1.029447
1768.000 	-1.030089
1769.000 	-1.030731
1770.000 	-1.031374
1771.000 	-1.030737
1772.000 	-1.029481
1773.000 	-1.028225
1774.000 	-1.026592
1775.000 	-1.023729
1776.000 	-1.020867
1777.000 	-1.018004
1778.000 	-1.015141
1779.000 	-1.012279
1780.000 	-1.009417
1781.000 	-1.006554
1782.000 	-1.003691
1783.000 	-1.00083
1784.000 	-0.997967
1785.000 	-0.995104
1786.000 	-0.992242
1787.000 	-0.989379
1788.000 	-0.986517
1789.000 	-0.983655
1790.000 	-0.980346
1791.000 	-0.975873
1792.000 	-0.972298
1793.000 	-0.969533
1794.000 	-0.966768
1795.000 	-0.964003
1796.000 	-0.961237
1797.000 	-0.958472
1798.000 	-0.954717
1799.000 	-0.948722
1800.000 	-0.942726
1801.000 	-0.93673
1802.000 	-0.930734
1803.000 	-0.924738
1804.000 	-0.918742
1805.000 	-0.912746
1806.000 	-0.909022
1807.000 	-0.909474
1808.000 	-0.909925
1809.000 	-0.908897
1810.000 	-0.907721
1811.000 	-0.906545
1812.000 	-0.905369
1813.000 	-0.904193
1814.000 	-0.903017
1815.000 	-0.901842
1816.000 	-0.900566
1817.000 	-0.89911
1818.000 	-0.897655
1819.000 	-0.896388
1820.000 	-0.899732
1821.000 	-0.903076
1822.000 	-0.90642
1823.000 	-0.909764
1824.000 	-0.913108
1825.000 	-0.917476
1826.000 	-0.924317
1827.000 	-0.931158
1828.000 	-0.937998
1829.000 	-0.944839
1830.000 	-0.95168
1831.000 	-0.95887
1832.000 	-0.96711
1833.000 	-0.975349
1834.000 	-0.983588
1835.000 	-0.991756
1836.000 	-0.994232
1837.000 	-0.996479
1838.000 	-0.997856
1839.000 	-0.999232
1840.000 	-1.00061
1841.000 	-1.001986
1842.000 	-1.003364
1843.000 	-1.004741
1844.000 	-1.006117
1845.000 	-1.007495
1846.000 	-1.008871
1847.000 	-1.010249
1848.000 	-1.006555
1849.000 	-0.99994
1850.000 	-0.993325
1851.000 	-0.98671
1852.000 	-0.979713
1853.000 	-0.969368
1854.000 	-0.959023
1855.000 	-0.948679
1856.000 	-0.938334
1857.000 	-0.92799
1858.000 	-0.917645
1859.000 	-0.9073
1860.000 	-0.896956
1861.000 	-0.886181
1862.000 	-0.863712
1863.000 	-0.839514
1864.000 	-0.815315
1865.000 	-0.791117
1866.000 	-0.766919
1867.000 	-0.74272
1868.000 	-0.715501
1869.000 	-0.688272
1870.000 	-0.661043
1871.000 	-0.633814
1872.000 	-0.612225
1873.000 	-0.597117
1874.000 	-0.582009
1875.000 	-0.566177
1876.000 	-0.54524
1877.000 	-0.530177
1878.000 	-0.515533
1879.000 	-0.500889
1880.000 	-0.486245
1881.000 	-0.471601
1882.000 	-0.456957
1883.000 	-0.449169
1884.000 	-0.442216
1885.000 	-0.435264
1886.000 	-0.424328
1887.000 	-0.410024
1888.000 	-0.39572
1889.000 	-0.388542
1890.000 	-0.382629
1891.000 	-0.376717
1892.000 	-0.366175
1893.000 	-0.354668
1894.000 	-0.343162
1895.000 	-0.331656
1896.000 	-0.319544
1897.000 	-0.307417
1898.000 	-0.295288
1899.000 	-0.28316
1900.000 	-0.271032
1901.000 	-0.258904
1902.000 	-0.24461
1903.000 	-0.223951
1904.000 	-0.203291
1905.000 	-0.182631
1906.000 	-0.161972
1907.000 	-0.141312
1908.000 	-0.120653
1909.000 	-0.099993
1910.000 	-0.06271
1911.000 	-0.022185
1912.000 	-0.02487
1913.000 	-0.027159
1914.000 	-0.051831
1915.000 	-0.076502
1916.000 	-0.137083
1917.000 	-0.140803
1918.000 	-0.127573
1919.000 	-0.114565
1920.000 	-0.111557
1921.000 	-0.11855
1922.000 	-0.105542
1923.000 	-0.092534
1924.000 	-0.079527
1925.000 	-0.066589
1926.000 	 -0.059275 
1927.000 	 -0.051960 
1928.000 	 -0.044646 
1929.000 	 -0.037332 
1930.000 	 -0.030017 
1931.000 	 -0.022703 
1932.000 	 -0.015389 
1933.000 	 -0.008074 
1934.000 	 -0.000760 
1935.000 	 0.006555 
1936.000 	 0.013534 
1937.000 	 0.020039 
1938.000 	 0.026543 
1939.000 	 0.033048 
1940.000 	 0.039553 
1941.000 	 0.046057 
1942.000 	 0.052562 
1943.000 	 0.059066 
1944.000 	 0.062609 
1945.000 	 0.062666 
1946.000 	 0.062723 
1947.000 	 0.062780 
1948.000 	 0.062837 
1949.000 	 0.062894 
1950.000 	 0.062951 
1951.000 	 0.063008 
1952.000 	 0.063065 
1953.000 	 0.063122 
1954.000 	 0.063179 
1955.000 	 0.063236 
1956.000 	 0.063293 
1957.000 	 0.063350 
1958.000 	 0.063407 
1959.000 	 0.063464 
1960.000 	 0.063521 
1961.000 	 0.063578 
1962.000 	 0.063635 
1963.000 	 0.059751 
1964.000 	 0.055009 
1965.000 	 0.050266 
1966.000 	 0.045523 
1967.000 	 0.040781 
1968.000 	 0.038336 
1969.000 	 0.038393 
1970.000 	 0.038450 
1971.000 	 0.038507 
1972.000 	 0.038564 
1973.000 	 0.038621 
1974.000 	 0.038621 
1975.000 	 0.038621 